  0.00       0.1  100.00    29907.4         0.0     51466.5
  0.00       0.1   50.00    16959.9         0.0     11664.2
  0.00       0.1   47.00    15941.9         0.0     10852.9
  0.00       0.1   44.00    14924.7         0.0     10060.2
  0.00       0.1   38.00    12889.2         0.0      8552.5
  0.00       0.1   35.00    11872.0         0.0      7834.2
  0.00       0.1   32.00    10854.3         0.0      7132.2
  0.00       0.1   26.00     8819.2         0.0      5757.4
  0.10       0.0  100.00    30169.4       925.1     51761.7
  0.10       0.0   50.00    17126.3       925.1     11760.8
  0.10       0.0   47.00    16122.3       893.2     10959.9
  0.10       0.0   44.00    15117.1       860.1     10175.8
  0.10       0.0   38.00    13103.4       790.9      8680.4
  0.10       0.0   35.00    12095.2       754.3      7967.4
  0.10       0.0   32.00    11085.5       716.7      7269.2
  0.10       0.0   26.00     9063.6       639.0      5901.2
  0.20       0.0  100.00    30962.9      1883.7     52651.7
  0.20       0.0   50.00    17632.9      1883.7     12054.5
  0.20       0.0   47.00    16623.7      1819.9     11248.8
  0.20       0.0   44.00    15613.2      1753.9     10461.0
  0.20       0.0   38.00    13584.2      1615.5      8949.4
  0.20       0.0   35.00    12567.0      1542.5      8230.8
  0.20       0.0   32.00    11546.6      1467.1      7520.6
  0.20       0.0   26.00     9500.8      1311.2      6134.4
  0.30       0.0  100.00    32308.8      2910.5     54162.1
  0.30       0.0   50.00    18493.2      2910.5     12556.6
  0.30       0.0   47.00    17461.4      2813.6     11731.6
  0.30       0.0   44.00    16425.0      2713.0     10920.4
  0.30       0.0   38.00    14346.3      2503.1      9369.4
  0.30       0.0   35.00    13299.5      2391.7      8626.7
  0.30       0.0   32.00    12249.8      2277.0      7894.0
  0.30       0.0   26.00    10141.9      2039.0      6462.3
  0.40       0.0  100.00    34245.8      4042.9     56323.5
  0.40       0.0   50.00    19741.3      4042.9     13284.4
  0.40       0.0   47.00    18666.8      3910.3     12424.2
  0.40       0.0   44.00    17587.4      3772.7     11578.5
  0.40       0.0   38.00    15415.3      3485.0      9952.1
  0.40       0.0   35.00    14321.4      3332.2      9172.4
  0.40       0.0   32.00    13221.5      3174.7      8407.6
  0.40       0.0   26.00    11010.5      2847.2      6901.2
  0.50       0.0  100.00    36824.0      5322.6     59179.4
  0.50       0.0   50.00    21419.6      5322.6     14269.6
  0.50       0.0   47.00    20281.8      5150.5     13356.9
  0.50       0.0   44.00    19136.9      4971.5     12458.4
  0.50       0.0   38.00    16830.5      4596.8     10725.0
  0.50       0.0   35.00    15665.7      4397.7      9894.8
  0.50       0.0   32.00    14494.0      4191.9      9074.3
  0.50       0.0   26.00    12135.1      3763.8      7464.0
  0.60       0.0  100.00    40113.6      6797.0     62786.8
  0.60       0.0   50.00    23587.5      6797.0     15548.4
  0.60       0.0   47.00    22362.6      6579.5     14562.2
  0.60       0.0   44.00    21129.0      6353.3     13591.8
  0.60       0.0   38.00    18639.5      5878.8     11714.9
  0.60       0.0   35.00    17379.7      5626.6     10813.7
  0.60       0.0   32.00    16111.3      5365.2      9922.8
  0.60       0.0   26.00    13551.9      4820.7      8173.3
  0.70       0.0  100.00    44209.2      8520.8     67231.5
  0.70       0.0   50.00    26324.9      8520.8     17171.1
  0.70       0.0   47.00    24986.6      8250.8     16090.9
  0.70       0.0   44.00    23637.3      7969.7     15025.6
  0.70       0.0   38.00    20909.7      7378.7     12962.1
  0.70       0.0   35.00    19526.8      7064.0     11969.2
  0.70       0.0   32.00    18132.4      6737.8     10987.3
  0.70       0.0   26.00    15314.9      6056.7      9055.3
  0.80       0.0  100.00    48668.8     10466.0     71975.3
  0.80       0.0   50.00    29304.2     10466.0     18861.7
  0.80       0.0   47.00    27840.9     10133.6     17679.2
  0.80       0.0   44.00    26367.2      9790.7     16516.7
  0.80       0.0   38.00    23387.1      9069.1     14272.7
  0.80       0.0   35.00    21868.0      8682.0     13181.7
  0.80       0.0   32.00    20339.8      8283.5     12107.1
  0.80       0.0   26.00    17246.3      7451.1      9982.3
  0.80    4999.9  100.00    41705.8      8786.2     61812.3
  0.80    4999.9   50.00    24700.0      8786.2     15621.9
  0.80    4999.9   47.00    23468.3      8509.4     14644.8
  0.80    4999.9   44.00    22225.2      8221.0     13680.0
  0.80    4999.9   38.00    19709.0      7614.2     11810.7
  0.80    4999.9   35.00    18430.3      7290.7     10908.7
  0.80    4999.9   32.00    17140.0      6955.1     10016.6
  0.80    4999.9   26.00    14528.7      6253.3      8259.0
  0.70    4999.9  100.00    37463.4      7090.7     57234.4
  0.70    4999.9   50.00    21876.0      7090.7     13971.6
  0.70    4999.9   47.00    20762.2      6865.4     13089.4
  0.70    4999.9   44.00    19642.6      6631.4     12227.7
  0.70    4999.9   38.00    17376.2      6139.7     10549.5
  0.70    4999.9   35.00    16227.5      5877.8      9743.4
  0.70    4999.9   32.00    15067.9      5605.8      8944.3
  0.70    4999.9   26.00    12727.5      5039.3      7372.5
  0.60    4999.9  100.00    33994.2      5656.3     53441.3
  0.60    4999.9   50.00    19604.0      5656.3     12651.7
  0.60    4999.9   47.00    18585.7      5475.1     11852.4
  0.60    4999.9   44.00    17560.9      5286.9     11063.0
  0.60    4999.9   38.00    15492.2      4892.1      9537.8
  0.60    4999.9   35.00    14445.5      4682.2      8805.2
  0.60    4999.9   32.00    13391.3      4464.7      8081.6
  0.60    4999.9   26.00    11264.5      4011.6      6657.5
  0.50    4999.9  100.00    31205.6      4429.3     50362.7
  0.50    4999.9   50.00    17802.4      4429.3     11614.2
  0.50    4999.9   47.00    16856.3      4286.0     10871.4
  0.50    4999.9   44.00    15904.8      4137.0     10140.8
  0.50    4999.9   38.00    13988.7      3825.2      8733.2
  0.50    4999.9   35.00    13020.6      3659.5      8057.8
  0.50    4999.9   32.00    12047.4      3488.3      7389.1
  0.50    4999.9   26.00    10085.8      3131.8      6080.9
  0.40    4999.9  100.00    29020.6      3364.4     47927.0
  0.40    4999.9   50.00    16407.4      3364.4     10813.5
  0.40    4999.9   47.00    15514.8      3254.2     10114.7
  0.40    4999.9   44.00    14617.5      3139.7      9426.8
  0.40    4999.9   38.00    12812.9      2899.9      8104.3
  0.40    4999.9   35.00    11903.3      2773.0      7471.0
  0.40    4999.9   32.00    10989.2      2641.7      6847.2
  0.40    4999.9   26.00     9151.6      2369.2      5623.4
  0.30    4999.9  100.00    27380.6      2422.0     46086.2
  0.30    4999.9   50.00    15371.2      2422.0     10220.5
  0.30    4999.9   47.00    14513.2      2341.4      9550.5
  0.30    4999.9   44.00    13653.2      2258.0      8893.3
  0.30    4999.9   38.00    11924.4      2083.0      7629.1
  0.30    4999.9   35.00    11054.8      1990.4      7026.2
  0.30    4999.9   32.00    10182.4      1894.8      6432.0
  0.30    4999.9   26.00     8430.3      1696.7      5267.2
  0.20    4999.9  100.00    26239.8      1567.6     44802.1
  0.20    4999.9   50.00    14654.2      1567.6      9813.5
  0.20    4999.9   47.00    13816.0      1514.5      9158.1
  0.20    4999.9   44.00    12975.4      1459.4      8516.6
  0.20    4999.9   38.00    11290.5      1344.4      7288.0
  0.20    4999.9   35.00    10444.2      1283.5      6702.7
  0.20    4999.9   32.00     9596.3      1220.8      6127.3
  0.20    4999.9   26.00     7896.2      1091.0      4998.2
  0.10    4999.9  100.00    25567.2       769.9     44039.9
  0.10    4999.9   50.00    14235.0       769.9      9574.9
  0.10    4999.9   47.00    13399.9       743.3      8923.8
  0.10    4999.9   44.00    12565.0       715.7      8286.7
  0.10    4999.9   38.00    10891.6       658.1      7069.8
  0.10    4999.9   35.00    10053.3       627.7      6491.3
  0.10    4999.9   32.00     9214.2       596.4      5923.2
  0.10    4999.9   26.00     7533.6       531.7      4810.1
  0.10    9999.9  100.00    21538.1       636.4     37247.6
  0.10    9999.9   50.00    11751.5       636.4      7739.2
  0.10    9999.9   47.00    11062.6       614.4      7212.1
  0.10    9999.9   44.00    10372.9       591.6      6696.8
  0.10    9999.9   38.00     8990.9       544.0      5716.3
  0.10    9999.9   35.00     8299.6       518.9      5250.0
  0.10    9999.9   32.00     7606.6       493.0      4791.2
  0.10    9999.9   26.00     6219.3       439.5      3892.0
  0.20    9999.9  100.00    22104.6      1295.8     37893.1
  0.20    9999.9   50.00    12097.8      1295.8      7931.6
  0.20    9999.9   47.00    11405.8      1251.9      7402.4
  0.20    9999.9   44.00    10712.2      1206.4      6883.7
  0.20    9999.9   38.00     9320.8      1111.3      5893.8
  0.20    9999.9   35.00     8622.4      1060.9      5421.2
  0.20    9999.9   32.00     7922.5      1009.1      4955.9
  0.20    9999.9   26.00     6518.8       901.8      4045.0
  0.30    9999.9  100.00    23065.4      2002.1     38983.6
  0.30    9999.9   50.00    12688.9      2002.1      8261.0
  0.30    9999.9   47.00    11981.1      1935.5      7718.9
  0.30    9999.9   44.00    11270.6      1866.3      7186.2
  0.30    9999.9   38.00     9843.6      1721.7      6168.6
  0.30    9999.9   35.00     9126.0      1645.2      5681.9
  0.30    9999.9   32.00     8405.8      1566.2      5202.5
  0.30    9999.9   26.00     6959.6      1402.4      4262.0
  0.40    9999.9  100.00    24447.1      2781.1     40542.1
  0.40    9999.9   50.00    13545.3      2781.1      8738.1
  0.40    9999.9   47.00    12808.4      2690.0      8174.2
  0.40    9999.9   44.00    12067.9      2595.4      7619.9
  0.40    9999.9   38.00    10578.0      2397.3      6552.2
  0.40    9999.9   35.00     9827.2      2292.2      6041.6
  0.40    9999.9   32.00     9072.9      2183.7      5538.4
  0.40    9999.9   26.00     7555.8      1958.3      4549.9
  0.50    9999.9  100.00    26287.2      3661.4     42603.5
  0.50    9999.9   50.00    14696.9      3661.4      9384.1
  0.50    9999.9   47.00    13916.8      3543.2      8785.0
  0.50    9999.9   44.00    13131.3      3420.0      8196.6
  0.50    9999.9   38.00    11549.0      3162.1      7058.6
  0.50    9999.9   35.00    10749.9      3025.0      6513.8
  0.50    9999.9   32.00     9946.1      2883.5      5976.3
  0.50    9999.9   26.00     8326.9      2588.7      4918.8
  0.60    9999.9  100.00    28636.0      4675.6     45215.5
  0.60    9999.9   50.00    16183.5      4675.6     10222.3
  0.60    9999.9   47.00    15343.5      4526.0      9575.9
  0.60    9999.9   44.00    14497.2      4370.3      8938.7
  0.60    9999.9   38.00    12788.9      4043.6      7708.1
  0.60    9999.9   35.00    11925.8      3870.2      7116.0
  0.60    9999.9   32.00    11054.8      3690.2      6532.0
  0.60    9999.9   26.00     9299.6      3315.7      5384.5
  0.70    9999.9  100.00    31556.5      5861.4     48424.8
  0.70    9999.9   50.00    18058.6      5861.4     11285.9
  0.70    9999.9   47.00    17140.8      5675.3     10577.5
  0.70    9999.9   44.00    16215.1      5481.6      9878.7
  0.70    9999.9   38.00    14344.8      5074.9      8525.5
  0.70    9999.9   35.00    13396.2      4858.4      7874.6
  0.70    9999.9   32.00    12440.3      4634.1      7231.2
  0.70    9999.9   26.00    10508.3      4165.7      5963.4
  0.80   10000.0  100.00    35129.9      7262.9     52309.7
  0.80   10000.0   50.00    20388.5      7262.9     12616.9
  0.80   10000.0   47.00    19371.9      7033.9     11828.8
  0.80   10000.0   44.00    18345.6      6795.1     11051.2
  0.80   10000.0   38.00    16269.5      6293.8      9542.2
  0.80   10000.0   35.00    15214.3      6026.3      8815.5
  0.80   10000.0   32.00    14147.9      5748.0      8093.1
  0.80   10000.0   26.00    11993.8      5168.6      6676.5
  0.90   10000.0  100.00    39449.4      8932.1     56932.1
  0.90   10000.0   50.00    23257.1      8932.1     14267.6
  0.90   10000.0   47.00    22117.4      8652.1     13379.8
  0.90   10000.0   44.00    20966.3      8360.2     12503.0
  0.90   10000.0   38.00    18632.5      7744.9     10798.9
  0.90   10000.0   35.00    17444.8      7416.9      9976.2
  0.90   10000.0   32.00    16243.8      7075.7      9161.7
  0.90   10000.0   26.00    13811.1      6361.9      7555.6
  1.00   10000.0  100.00    44635.8     10930.4     62416.1
  1.00   10000.0   50.00    26758.4     10930.4     16303.6
  1.00   10000.0   47.00    25466.8     10588.2     15288.4
  1.00   10000.0   44.00    24160.8     10232.2     14289.2
  1.00   10000.0   38.00    21510.5      9481.2     12341.7
  1.00   10000.0   35.00    20158.6      9079.0     11399.9
  1.00   10000.0   32.00    18791.5      8661.5     10467.1
  1.00   10000.0   26.00    16016.8      7786.4      8626.2
  1.00   15000.1  100.00    37354.3      8970.5     52490.6
  1.00   15000.1   50.00    21929.6      8970.5     13059.9
  1.00   15000.1   47.00    20872.2      8690.6     12251.0
  1.00   15000.1   44.00    19801.9      8397.9     11450.6
  1.00   15000.1   38.00    17629.9      7781.1      9891.5
  1.00   15000.1   35.00    16522.8      7451.5      9138.7
  1.00   15000.1   32.00    15402.2      7108.5      8392.3
  1.00   15000.1   26.00    13129.4      6390.6      6919.9
  0.90   15000.1  100.00    33016.0      7330.5     47879.9
  0.90   15000.1   50.00    19058.1      7330.5     11431.3
  0.90   15000.1   47.00    18124.6      7100.6     10721.3
  0.90   15000.1   44.00    17180.7      6860.4     10019.2
  0.90   15000.1   38.00    15269.1      6356.2      8656.5
  0.90   15000.1   35.00    14296.0      6086.2      7997.4
  0.90   15000.1   32.00    13312.0      5806.1      7344.7
  0.90   15000.1   26.00    11318.4      5220.1      6058.1
  0.80   15000.1  100.00    29400.5      5960.7     43979.2
  0.80   15000.1   50.00    16709.4      5960.7     10111.0
  0.80   15000.1   47.00    15876.5      5772.6      9479.1
  0.80   15000.1   44.00    15035.7      5576.8      8857.9
  0.80   15000.1   38.00    13334.8      5165.2      7650.8
  0.80   15000.1   35.00    12470.0      4945.7      7069.1
  0.80   15000.1   32.00    11597.2      4718.0      6491.2
  0.80   15000.1   26.00     9831.2      4241.8      5357.1
  0.70   15000.1  100.00    26410.7      4810.5     40707.4
  0.70   15000.1   50.00    14800.6      4810.5      9044.4
  0.70   15000.1   47.00    14048.8      4658.0      8478.9
  0.70   15000.1   44.00    13290.3      4499.0      7920.4
  0.70   15000.1   38.00    11757.4      4165.2      6837.4
  0.70   15000.1   35.00    10980.2      3987.5      6314.2
  0.70   15000.1   32.00    10196.9      3803.2      5800.0
  0.70   15000.1   26.00     8613.6      3418.7      4785.7
  0.60   15000.0  100.00    23967.0      3837.3     38006.5
  0.60   15000.0   50.00    13263.8      3837.3      8194.7
  0.60   15000.0   47.00    12575.6      3714.6      7677.5
  0.60   15000.0   44.00    11882.3      3586.6      7167.6
  0.60   15000.0   38.00    10482.4      3318.8      6181.0
  0.60   15000.0   35.00     9774.8      3176.3      5709.2
  0.60   15000.0   32.00     9061.9      3028.8      5242.0
  0.60   15000.0   26.00     7623.1      2721.2      4322.4
  0.50   15000.0  100.00    22002.3      3004.9     35811.1
  0.50   15000.0   50.00    12045.1      3004.9      7524.2
  0.50   15000.0   47.00    11405.6      2907.8      7043.9
  0.50   15000.0   44.00    10761.9      2806.7      6571.1
  0.50   15000.0   38.00     9465.4      2594.9      5662.1
  0.50   15000.0   35.00     8810.8      2482.7      5226.5
  0.50   15000.0   32.00     8152.2      2366.4      4795.7
  0.50   15000.0   26.00     6825.4      2124.5      3949.2
  0.40   15000.0  100.00    20462.3      2282.4     34073.2
  0.40   15000.0   50.00    11102.0      2282.4      7007.6
  0.40   15000.0   47.00    10498.4      2207.7      6552.9
  0.40   15000.0   44.00     9891.3      2130.1      6110.3
  0.40   15000.0   38.00     8670.3      1967.5      5257.2
  0.40   15000.0   35.00     8054.9      1881.2      4847.6
  0.40   15000.0   32.00     7436.7      1792.1      4444.8
  0.40   15000.0   26.00     6193.3      1607.1      3652.7
  0.30   15000.0  100.00    19307.5      1643.1     32761.9
  0.30   15000.0   50.00    10401.4      1643.1      6623.2
  0.30   15000.0   47.00     9821.5      1588.7      6189.9
  0.30   15000.0   44.00     9239.2      1531.9      5766.0
  0.30   15000.0   38.00     8069.5      1413.2      4950.5
  0.30   15000.0   35.00     7481.1      1350.3      4560.1
  0.30   15000.0   32.00     6890.7      1285.4      4176.0
  0.30   15000.0   26.00     5705.3      1150.9      3421.9
  0.20   15000.0  100.00    18503.3      1063.4     31845.8
  0.20   15000.0   50.00     9915.9      1063.4      6359.8
  0.20   15000.0   47.00     9348.9      1027.5      5936.3
  0.20   15000.0   44.00     8780.1       990.1      5521.2
  0.20   15000.0   38.00     7639.7       912.0      4728.9
  0.20   15000.0   35.00     7067.4       870.7      4350.7
  0.20   15000.0   32.00     6493.7       828.1      3978.4
  0.20   15000.0   26.00     5343.3       740.0      3247.9
  0.10   15000.0  100.00    18030.0       522.3     31303.1
  0.10   15000.0   50.00     9633.1       522.3      6205.8
  0.10   15000.0   47.00     9068.6       504.3      5784.7
  0.10   15000.0   44.00     8503.2       485.6      5373.7
  0.10   15000.0   38.00     7370.7       446.5      4588.7
  0.10   15000.0   35.00     6803.5       425.8      4213.5
  0.10   15000.0   32.00     6235.6       404.6      3846.6
  0.10   15000.0   26.00     5098.3       360.7      3125.7
  0.10   20000.1  100.00    14989.6       425.3     26130.2
  0.10   20000.1   50.00     7833.2       425.3      4936.4
  0.10   20000.1   47.00     7374.0       410.7      4601.0
  0.10   20000.1   44.00     6914.3       395.4      4273.8
  0.10   20000.1   38.00     5993.6       363.6      3651.2
  0.10   20000.1   35.00     5532.3       346.8      3353.4
  0.10   20000.1   32.00     5070.5       329.4      3061.0
  0.10   20000.1   26.00     4145.8       293.7      2488.5
  0.20   20000.1  100.00    15383.2       866.1     26583.9
  0.20   20000.1   50.00     8063.8       866.1      5058.7
  0.20   20000.1   47.00     7602.6       836.8      4721.5
  0.20   20000.1   44.00     7140.3       806.4      4392.9
  0.20   20000.1   38.00     6213.1       742.7      3762.8
  0.20   20000.1   35.00     5747.4       709.0      3462.3
  0.20   20000.1   32.00     5280.9       674.4      3166.5
  0.20   20000.1   26.00     4345.4       602.6      2586.1
  0.30   20000.1  100.00    16050.3      1338.1     27346.4
  0.30   20000.1   50.00     8457.7      1338.1      5267.4
  0.30   20000.1   47.00     7986.1      1293.7      4922.6
  0.30   20000.1   44.00     7512.7      1247.5      4585.7
  0.30   20000.1   38.00     6561.6      1150.7      3938.2
  0.30   20000.1   35.00     6083.2      1099.5      3628.5
  0.30   20000.1   32.00     5603.2      1046.7      3323.3
  0.30   20000.1   26.00     4639.4       937.1      2724.5
  0.40   20000.1  100.00    17010.6      1858.8     28442.8
  0.40   20000.1   50.00     9028.4      1858.8      5571.1
  0.40   20000.1   47.00     8537.5      1798.0      5212.3
  0.40   20000.1   44.00     8043.9      1734.7      4860.2
  0.40   20000.1   38.00     7051.5      1602.2      4182.9
  0.40   20000.1   35.00     6550.6      1531.9      3857.5
  0.40   20000.1   32.00     6048.0      1459.4      3537.4
  0.40   20000.1   26.00     5037.0      1308.6      2908.2
  0.50   20000.1  100.00    18288.7      2447.1     29889.1
  0.50   20000.1   50.00     9795.7      2447.1      5981.0
  0.50   20000.1   47.00     9275.4      2368.1      5599.2
  0.50   20000.1   44.00     8753.0      2285.8      5226.4
  0.50   20000.1   38.00     7698.2      2113.4      4504.8
  0.50   20000.1   35.00     7165.8      2021.8      4158.5
  0.50   20000.1   32.00     6630.2      1927.1      3816.6
  0.50   20000.1   26.00     5551.3      1730.0      3143.4
  0.60   20000.1  100.00    19922.0      3125.0     31729.0
  0.60   20000.1   50.00    10786.7      3125.0      6515.3
  0.60   20000.1   47.00    10227.0      3025.1      6101.7
  0.60   20000.1   44.00     9663.5      2921.2      5698.9
  0.60   20000.1   38.00     8525.4      2702.8      4917.8
  0.60   20000.1   35.00     7949.9      2586.8      4542.2
  0.60   20000.1   32.00     7370.0      2466.6      4171.1
  0.60   20000.1   26.00     6200.2      2216.0      3440.5
  0.70   20000.1  100.00    21952.5      3917.6     33989.4
  0.70   20000.1   50.00    12035.7      3917.6      7190.7
  0.70   20000.1   47.00    11424.4      3793.3      6739.8
  0.70   20000.1   44.00    10807.5      3663.7      6293.9
  0.70   20000.1   38.00     9561.2      3391.7      5435.9
  0.70   20000.1   35.00     8930.1      3247.3      5023.6
  0.70   20000.1   32.00     8293.0      3097.2      4613.9
  0.70   20000.1   26.00     7005.4      2783.9      3808.8
  0.80   20000.2  100.00    24436.7      4854.3     36722.6
  0.80   20000.2   50.00    13587.9      4854.3      8035.1
  0.80   20000.2   47.00    12911.4      4701.4      7534.5
  0.80   20000.2   44.00    12227.3      4541.7      7041.0
  0.80   20000.2   38.00    10844.1      4206.6      6081.9
  0.80   20000.2   35.00    10140.9      4027.6      5620.3
  0.80   20000.2   32.00     9431.8      3842.3      5163.9
  0.80   20000.2   26.00     7996.0      3454.4      4262.9
  0.90   20000.2  100.00    27439.9      5969.9     39982.7
  0.90   20000.2   50.00    15497.1      5969.9      9082.3
  0.90   20000.2   47.00    14738.0      5782.4      8517.9
  0.90   20000.2   44.00    13971.1      5587.2      7962.3
  0.90   20000.2   38.00    12416.8      5176.1      6880.6
  0.90   20000.2   35.00    11625.5      4956.6      6357.9
  0.90   20000.2   32.00    10825.7      4728.3      5839.7
  0.90   20000.2   26.00     9205.2      4251.3      4820.3
  1.00   20000.0  100.00    31044.7      7305.4     43840.6
  1.00   20000.0   50.00    17830.6      7305.4     10373.4
  1.00   20000.0   47.00    16970.5      7076.8      9731.8
  1.00   20000.0   44.00    16100.6      6838.3      9095.5
  1.00   20000.0   38.00    14335.6      6336.5      7861.4
  1.00   20000.0   35.00    13435.4      6067.7      7263.9
  1.00   20000.0   32.00    12524.8      5788.7      6671.9
  1.00   20000.0   26.00    10677.3      5204.2      5502.8
  1.10   20000.0  100.00    35196.9      8879.3     48203.6
  1.10   20000.0   50.00    20584.5      8879.3     11920.6
  1.10   20000.0   47.00    19605.2      8602.4     11183.3
  1.10   20000.0   44.00    18614.0      8313.5     10454.6
  1.10   20000.0   38.00    16599.8      7704.0      9033.9
  1.10   20000.0   35.00    15571.2      7377.5      8345.8
  1.10   20000.0   32.00    14528.9      7037.6      7663.2
  1.10   20000.0   26.00    12413.0      6326.3      6318.5
  1.20   20000.2  100.00    40030.2     10746.2     53196.7
  1.20   20000.2   50.00    23864.3     10746.2     13786.9
  1.20   20000.2   47.00    22741.9     10411.5     12933.1
  1.20   20000.2   44.00    21607.5     10063.6     12093.0
  1.20   20000.2   38.00    19296.6      9326.8     10449.3
  1.20   20000.2   35.00    18113.4      8931.0      9650.4
  1.20   20000.2   32.00    16915.7      8520.1      8860.6
  1.20   20000.2   26.00    14478.4      7656.9      7299.2
  1.30   20000.0  100.00    43440.0     12432.2     56472.7
  1.30   20000.0   50.00    26067.8     12432.2     14738.4
  1.30   20000.0   47.00    24858.9     12040.8     13833.4
  1.30   20000.0   44.00    23639.7     11639.7     12944.7
  1.30   20000.0   38.00    21141.7     10778.4     11224.1
  1.30   20000.0   35.00    19865.9     10320.9     10374.1
  1.30   20000.0   32.00    18573.6      9847.5      9531.8
  1.30   20000.0   26.00    15957.2      8866.7      7859.4
  1.40   20000.0  100.00    46398.7     14112.1     59129.2
  1.40   20000.0   50.00    27925.1     14112.1     15343.1
  1.40   20000.0   47.00    26641.7     13658.5     14427.9
  1.40   20000.0   44.00    25353.0     13197.4     13532.7
  1.40   20000.0   38.00    22711.7     12213.7     11758.1
  1.40   20000.0   35.00    21370.7     11701.3     10879.6
  1.40   20000.0   32.00    20016.9     11177.1     10001.5
  1.40   20000.0   26.00    17274.5     10091.5      8257.3
  1.40   25000.2  100.00    41073.6     12105.4     52128.6
  1.40   25000.2   50.00    24612.6     12105.4     13603.7
  1.40   25000.2   47.00    23479.8     11723.9     12767.6
  1.40   25000.2   44.00    22340.6     11334.5     11947.6
  1.40   25000.2   38.00    20000.3     10495.1     10357.2
  1.40   25000.2   35.00    18804.1     10049.0      9571.7
  1.40   25000.2   32.00    17592.1      9587.5      8793.8
  1.40   25000.2   26.00    15133.0      8629.2      7246.2
  1.30   25000.2  100.00    37665.7     10472.5     48866.0
  1.30   25000.2   50.00    22394.1     10472.5     12620.6
  1.30   25000.2   47.00    21352.9     10147.0     11840.6
  1.30   25000.2   44.00    20299.6      9808.1     11071.7
  1.30   25000.2   38.00    18151.1      9090.4      9567.6
  1.30   25000.2   35.00    17049.9      8704.6      8836.0
  1.30   25000.2   32.00    15933.4      8303.6      8112.3
  1.30   25000.2   26.00    13659.5      7460.6      6679.8
  1.20   25000.2  100.00    33017.4      8678.3     44114.3
  1.20   25000.2   50.00    19238.7      8678.3     10846.7
  1.20   25000.2   47.00    18334.9      8408.1     10176.2
  1.20   25000.2   44.00    17419.6      8126.5      9515.8
  1.20   25000.2   38.00    15557.1      7531.3      8224.2
  1.20   25000.2   35.00    14604.5      7212.1      7598.6
  1.20   25000.2   32.00    13638.4      6879.7      6976.6
  1.20   25000.2   26.00    11674.3      6182.8      5749.8
  1.10   25000.1  100.00    29033.4      7170.8     39966.7
  1.10   25000.1   50.00    16597.5      7170.8      9380.6
  1.10   25000.1   47.00    15808.4      6947.3      8802.6
  1.10   25000.1   44.00    15009.6      6713.5      8228.8
  1.10   25000.1   38.00    13386.5      6221.8      7113.4
  1.10   25000.1   35.00    12557.3      5958.1      6573.6
  1.10   25000.1   32.00    11717.2      5684.1      6037.6
  1.10   25000.1   26.00    10011.3      5109.4      4979.1
  1.00   25000.1  100.00    25607.4      5899.8     36338.9
  1.00   25000.1   50.00    14377.0      5899.8      8166.0
  1.00   25000.1   47.00    13684.0      5715.4      7661.4
  1.00   25000.1   44.00    12982.8      5522.9      7162.6
  1.00   25000.1   38.00    11560.0      5117.1      6190.6
  1.00   25000.1   35.00    10834.6      4900.4      5720.9
  1.00   25000.1   32.00    10100.4      4674.9      5255.6
  1.00   25000.1   26.00     8611.2      4202.8      4337.6
  0.90   25000.1  100.00    22636.1      4821.3     33140.4
  0.90   25000.1   50.00    12496.0      4821.3      7151.1
  0.90   25000.1   47.00    11884.4      4670.2      6708.1
  0.90   25000.1   44.00    11266.5      4512.2      6270.6
  0.90   25000.1   38.00    10013.1      4180.4      5419.9
  0.90   25000.1   35.00     9375.2      4003.0      5009.4
  0.90   25000.1   32.00     8730.8      3818.9      4603.1
  0.90   25000.1   26.00     7424.4      3433.5      3800.6
  0.80   25000.1  100.00    20158.7      3920.3     30431.6
  0.80   25000.1   50.00    10956.8      3920.3      6327.8
  0.80   25000.1   47.00    10411.1      3796.9      5933.8
  0.80   25000.1   44.00     9860.1      3668.1      5545.6
  0.80   25000.1   38.00     8745.0      3397.3      4793.0
  0.80   25000.1   35.00     8178.4      3252.9      4430.3
  0.80   25000.1   32.00     7606.4      3103.0      4070.5
  0.80   25000.1   26.00     6448.8      2789.7      3362.0
  0.70   25000.1  100.00    18111.1      3163.9     28164.5
  0.70   25000.1   50.00     9706.0      3163.9      5662.9
  0.70   25000.1   47.00     9213.7      3063.9      5309.0
  0.70   25000.1   44.00     8716.3      2959.2      4960.9
  0.70   25000.1   38.00     7711.6      2739.7      4285.6
  0.70   25000.1   35.00     7201.9      2622.6      3959.8
  0.70   25000.1   32.00     6688.3      2501.4      3638.2
  0.70   25000.1   26.00     5650.4      2248.3      3004.2
  0.60   25000.1  100.00    16436.1      2523.8     26288.1
  0.60   25000.1   50.00     8698.1      2523.8      5132.0
  0.60   25000.1   47.00     8247.1      2443.3      4808.6
  0.60   25000.1   44.00     7792.5      2359.2      4490.9
  0.60   25000.1   38.00     6875.2      2182.8      3876.2
  0.60   25000.1   35.00     6410.9      2089.1      3580.7
  0.60   25000.1   32.00     5943.5      1991.9      3288.5
  0.60   25000.1   26.00     5000.1      1789.5      2713.8
  0.50   25000.1  100.00    15091.3      1976.4     24770.4
  0.50   25000.1   50.00     7899.1      1976.4      4713.6
  0.50   25000.1   47.00     7480.0      1912.6      4413.2
  0.50   25000.1   44.00     7058.2      1846.1      4119.3
  0.50   25000.1   38.00     6208.0      1706.7      3551.1
  0.50   25000.1   35.00     5778.7      1632.8      3279.1
  0.50   25000.1   32.00     5346.9      1556.3      3009.6
  0.50   25000.1   26.00     4476.9      1397.0      2480.2
  0.40   25000.1  100.00    14036.8      1501.2     23566.9
  0.40   25000.1   50.00     7281.2      1501.2      4391.0
  0.40   25000.1   47.00     6885.4      1452.2      4108.3
  0.40   25000.1   44.00     6487.4      1401.1      3831.2
  0.40   25000.1   38.00     5686.8      1294.0      3298.1
  0.40   25000.1   35.00     5283.2      1237.2      3042.4
  0.40   25000.1   32.00     4877.8      1178.6      2789.9
  0.40   25000.1   26.00     4062.2      1056.8      2294.4
  0.40   29999.9  100.00    11489.6      1201.4     19369.9
  0.40   29999.9   50.00     5818.0      1201.4      3426.9
  0.40   29999.9   47.00     5501.8      1162.2      3206.1
  0.40   29999.9   44.00     5183.8      1121.2      2990.0
  0.40   29999.9   38.00     4544.2      1035.5      2575.0
  0.40   29999.9   35.00     4221.7       990.1      2375.7
  0.40   29999.9   32.00     3897.8       943.1      2179.2
  0.40   29999.9   26.00     3246.2       845.6      1792.7
  0.50   29999.9  100.00    12352.2      1581.8     20359.3
  0.50   29999.9   50.00     6312.1      1581.8      3678.2
  0.50   29999.9   47.00     5977.2      1530.8      3443.9
  0.50   29999.9   44.00     5640.0      1477.5      3214.2
  0.50   29999.9   38.00     4960.9      1365.9      2772.5
  0.50   29999.9   35.00     4617.9      1306.7      2560.0
  0.50   29999.9   32.00     4272.8      1245.4      2350.4
  0.50   29999.9   26.00     3577.6      1118.0      1937.6
  0.60   29999.9  100.00    13453.4      2019.9     21612.4
  0.60   29999.9   50.00     6950.5      2019.9      4004.3
  0.60   29999.9   47.00     6590.3      1955.6      3752.1
  0.60   29999.9   44.00     6227.1      1888.2      3504.7
  0.60   29999.9   38.00     5494.2      1746.9      3026.3
  0.60   29999.9   35.00     5123.3      1671.9      2795.8
  0.60   29999.9   32.00     4749.7      1594.1      2567.9
  0.60   29999.9   26.00     3996.0      1432.1      2119.9
  0.70   29999.9  100.00    14822.6      2532.2     23154.7
  0.70   29999.9   50.00     7755.1      2532.2      4417.6
  0.70   29999.9   47.00     7361.7      2452.0      4141.3
  0.70   29999.9   44.00     6964.5      2368.3      3870.3
  0.70   29999.9   38.00     6162.0      2192.5      3344.1
  0.70   29999.9   35.00     5755.0      2098.9      3091.2
  0.70   29999.9   32.00     5344.5      2001.8      2840.3
  0.70   29999.9   26.00     4515.2      1799.2      2346.2
  0.80   29999.9  100.00    16497.9      3137.5     25021.0
  0.80   29999.9   50.00     8755.2      3137.5      4934.6
  0.80   29999.9   47.00     8320.1      3039.0      4627.7
  0.80   29999.9   44.00     7879.4      2935.7      4326.2
  0.80   29999.9   38.00     6988.4      2719.0      3740.5
  0.80   29999.9   35.00     6535.7      2603.3      3457.5
  0.80   29999.9   32.00     6078.7      2483.4      3177.9
  0.80   29999.9   26.00     5153.8      2232.6      2625.3
  0.90   29999.9  100.00    18522.8      3858.5     27246.6
  0.90   29999.9   50.00     9984.9      3858.5      5575.6
  0.90   29999.9   47.00     9496.6      3737.8      5229.6
  0.90   29999.9   44.00     9002.8      3611.6      4890.0
  0.90   29999.9   38.00     8001.9      3345.9      4229.2
  0.90   29999.9   35.00     7492.3      3203.9      3909.3
  0.90   29999.9   32.00     6977.4      3056.4      3592.4
  0.90   29999.9   26.00     5933.8      2747.9      2967.8
  1.00   29999.9  100.00    20953.8      4721.7     29884.0
  1.00   29999.9   50.00    11486.9      4721.7      6365.2
  1.00   29999.9   47.00    10933.5      4574.2      5972.3
  1.00   29999.9   44.00    10372.2      4419.3      5582.3
  1.00   29999.9   38.00     9237.2      4095.6      4828.6
  1.00   29999.9   35.00     8657.2      3921.4      4462.3
  1.00   29999.9   32.00     8071.4      3741.6      4101.2
  1.00   29999.9   26.00     6881.6      3363.5      3386.2
  1.10   29999.9  100.00    23754.8      5738.9     32867.5
  1.10   29999.9   50.00    13260.9      5738.9      7310.5
  1.10   29999.9   47.00    12631.0      5560.3      6860.5
  1.10   29999.9   44.00    11992.9      5373.6      6415.4
  1.10   29999.9   38.00    10695.6      4979.2      5546.7
  1.10   29999.9   35.00    10033.9      4768.6      5125.4
  1.10   29999.9   32.00     9363.2      4549.1      4709.0
  1.10   29999.9   26.00     8000.5      4089.1      3885.6
  1.20   29999.9  100.00    27012.0      6945.3     36280.8
  1.20   29999.9   50.00    15369.9      6945.3      8450.0
  1.20   29999.9   47.00    14648.2      6729.0      7929.5
  1.20   29999.9   44.00    13917.0      6503.4      7414.5
  1.20   29999.9   38.00    12430.1      6027.4      6411.1
  1.20   29999.9   35.00    11669.1      5771.8      5923.6
  1.20   29999.9   32.00    10897.9      5505.9      5440.1
  1.20   29999.9   26.00     9329.3      4948.5      4485.6
  1.30   30000.0  100.00    30814.7      8380.9     40202.3
  1.30   30000.0   50.00    17888.6      8380.9      9828.8
  1.30   30000.0   47.00    17057.9      8120.6      9222.5
  1.30   30000.0   44.00    16215.6      7848.8      8625.2
  1.30   30000.0   38.00    14499.9      7274.0      7454.4
  1.30   30000.0   35.00    13621.6      6966.0      6887.3
  1.30   30000.0   32.00    12729.7      6644.8      6323.9
  1.30   30000.0   26.00    10914.2      5970.2      5208.5
  1.40   30000.0  100.00    35241.1     10089.9     44680.3
  1.40   30000.0   50.00    20893.5     10089.9     11496.6
  1.40   30000.0   47.00    19931.9      9776.9     10787.6
  1.40   30000.0   44.00    18958.6      9451.4     10089.2
  1.40   30000.0   38.00    16971.1      8759.6      8718.4
  1.40   30000.0   35.00    15950.6      8387.4      8051.4
  1.40   30000.0   32.00    14914.4      8000.3      7390.6
  1.40   30000.0   26.00    12803.8      7186.3      6083.3
  1.50   30000.0  100.00    38621.7     11664.7     47908.5
  1.50   30000.0   50.00    23108.0     11664.7     12501.9
  1.50   30000.0   47.00    22054.2     11297.5     11734.7
  1.50   30000.0   44.00    20992.5     10922.7     10979.3
  1.50   30000.0   38.00    18809.7     10112.8      9515.2
  1.50   30000.0   35.00    17692.6      9682.0      8792.1
  1.50   30000.0   32.00    16559.6      9235.9      8074.9
  1.50   30000.0   26.00    14260.8      8310.0      6650.6
  1.60   30000.0  100.00    41278.7     13142.6     50246.6
  1.60   30000.0   50.00    24776.1     13142.6     13033.9
  1.60   30000.0   47.00    23656.0     12720.3     12256.2
  1.60   30000.0   44.00    22526.5     12288.8     11491.2
  1.60   30000.0   38.00    20211.7     11369.7      9980.2
  1.60   30000.0   35.00    19033.7     10890.0      9229.9
  1.60   30000.0   32.00    17844.9     10399.5      8481.5
  1.60   30000.0   26.00    15432.6      9383.2      6992.7
  1.70   30000.0  100.00    43697.4     14630.7     52260.0
  1.70   30000.0   50.00    26315.9     14630.7     13465.5
  1.70   30000.0   47.00    25139.3     14155.2     12678.7
  1.70   30000.0   44.00    23950.6     13667.5     11895.1
  1.70   30000.0   38.00    21543.2     12662.4     10348.4
  1.70   30000.0   35.00    20321.9     12142.1      9576.3
  1.70   30000.0   32.00    19089.9     11611.4      8804.8
  1.70   30000.0   26.00    16587.3     10511.5      7267.5
  1.80   30000.0  100.00    46094.6     16181.3     54153.2
  1.80   30000.0   50.00    27874.1     16181.3     13877.1
  1.80   30000.0   47.00    26653.1     15662.1     13076.3
  1.80   30000.0   44.00    25424.8     15134.6     12278.8
  1.80   30000.0   38.00    22937.8     14051.1     10690.6
  1.80   30000.0   35.00    21677.9     13492.8      9897.7
  1.80   30000.0   32.00    20407.0     12923.6      9105.2
  1.80   30000.0   26.00    17823.2     11743.0      7528.5
  1.80   35000.0  100.00    40831.7     13865.3     47840.1
  1.80   35000.0   50.00    24553.0     13865.3     12324.9
  1.80   35000.0   47.00    23460.0     13413.5     11603.0
  1.80   35000.0   44.00    22356.5     12951.3     10885.4
  1.80   35000.0   38.00    20117.6     11994.9      9464.9
  1.80   35000.0   35.00    18981.9     11500.4      8756.5
  1.80   35000.0   32.00    17835.4     10995.7      8048.3
  1.80   35000.0   26.00    15508.1      9950.4      6638.7
  1.70   35000.0  100.00    38572.5     12490.0     45976.7
  1.70   35000.0   50.00    23114.5     12490.0     11924.7
  1.70   35000.0   47.00    22075.8     12088.5     11210.6
  1.70   35000.0   44.00    21028.2     11678.5     10510.7
  1.70   35000.0   38.00    18877.5     10802.8      9123.6
  1.70   35000.0   35.00    17783.1     10345.7      8436.4
  1.70   35000.0   32.00    16677.8      9878.1      7750.4
  1.70   35000.0   26.00    14434.1      8908.9      6385.4
  1.60   35000.0  100.00    36087.4     11120.5     43805.5
  1.60   35000.0   50.00    21556.3     11120.5     11432.0
  1.60   35000.0   47.00    20580.3     10771.0     10731.2
  1.60   35000.0   44.00    19597.6     10414.1     10038.5
  1.60   35000.0   38.00    17572.5      9641.4      8696.3
  1.60   35000.0   35.00    16534.6      9229.4      8033.8
  1.60   35000.0   32.00    15480.7      8802.3      7375.6
  1.60   35000.0   26.00    13343.1      7916.5      6071.0
  1.50   35000.0  100.00    32741.5      9605.5     40617.4
  1.50   35000.0   50.00    19347.7      9605.5     10403.6
  1.50   35000.0   47.00    18464.2      9306.6      9759.9
  1.50   35000.0   44.00    17570.9      8997.7      9130.4
  1.50   35000.0   38.00    15743.2      8339.0      7889.7
  1.50   35000.0   35.00    14803.7      7984.2      7284.8
  1.50   35000.0   32.00    13849.7      7614.8      6685.6
  1.50   35000.0   26.00    11904.8      6838.8      5501.7
  1.40   35000.0  100.00    28575.2      7995.2     36440.9
  1.40   35000.0   50.00    16523.4      7995.2      8855.0
  1.40   35000.0   47.00    15764.0      7747.4      8310.3
  1.40   35000.0   44.00    14993.3      7488.4      7772.6
  1.40   35000.0   38.00    13422.0      6940.5      6718.1
  1.40   35000.0   35.00    12615.8      6645.9      6206.3
  1.40   35000.0   32.00    11796.1      6338.3      5696.7
  1.40   35000.0   26.00    10128.5      5694.0      4691.1
  1.30   35000.0  100.00    24986.7      6641.2     32778.7
  1.30   35000.0   50.00    14148.9      6641.2      7573.3
  1.30   35000.0   47.00    13492.0      6434.8      7107.3
  1.30   35000.0   44.00    12826.3      6219.5      6647.2
  1.30   35000.0   38.00    11469.9      5764.1      5747.2
  1.30   35000.0   35.00    10774.5      5519.4      5309.2
  1.30   35000.0   32.00    10070.3      5265.3      4875.7
  1.30   35000.0   26.00     8635.2      4731.2      4019.8
  1.20   34999.8  100.00    21906.7      5503.7     29580.8
  1.20   34999.8   50.00    12158.4      5503.7      6512.1
  1.20   34999.8   47.00    11588.5      5333.0      6113.0
  1.20   34999.8   44.00    11010.3      5154.1      5717.2
  1.20   34999.8   38.00     9834.3      4776.7      4943.6
  1.20   34999.8   35.00     9232.6      4574.3      4569.4
  1.20   34999.8   32.00     8622.4      4363.3      4197.1
  1.20   34999.8   26.00     7382.4      3921.7      3463.1
  1.10   34999.8  100.00    19264.2      4547.7     26790.1
  1.10   34999.8   50.00    10489.3      4547.7      5636.0
  1.10   34999.8   47.00     9991.0      4405.9      5288.7
  1.10   34999.8   44.00     9486.3      4257.8      4945.4
  1.10   34999.8   38.00     8461.5      3945.9      4278.6
  1.10   34999.8   35.00     7937.9      3778.9      3955.2
  1.10   34999.8   32.00     7407.6      3604.9      3634.3
  1.10   34999.8   26.00     6330.1      3240.3      3000.4
  1.00   34999.8  100.00    16995.7      3741.7     24357.8
  1.00   34999.8   50.00     9088.1      3741.7      4908.2
  1.00   34999.8   47.00     8651.0      3625.4      4606.4
  1.00   34999.8   44.00     8208.1      3503.3      4308.4
  1.00   34999.8   38.00     7309.2      3246.0      3727.2
  1.00   34999.8   35.00     6850.8      3108.3      3445.6
  1.00   34999.8   32.00     6386.8      2965.1      3166.0
  1.00   34999.8   26.00     5445.6      2665.5      2615.2
  0.90   34999.8  100.00    15024.8      3057.8     22206.9
  0.90   34999.8   50.00     7898.6      3057.8      4300.6
  0.90   34999.8   47.00     7512.6      2962.1      4034.7
  0.90   34999.8   44.00     7121.9      2861.9      3772.9
  0.90   34999.8   38.00     6330.4      2651.3      3263.9
  0.90   34999.8   35.00     5927.3      2538.8      3017.7
  0.90   34999.8   32.00     5520.1      2422.0      2773.9
  0.90   34999.8   26.00     4694.7      2177.4      2292.4
  0.80   34999.8  100.00    13382.8      2486.4     20389.5
  0.80   34999.8   50.00     6926.4      2486.4      3807.7
  0.80   34999.8   47.00     6582.0      2408.4      3571.4
  0.80   34999.8   44.00     6234.0      2326.6      3338.5
  0.80   34999.8   38.00     5529.1      2154.8      2887.9
  0.80   34999.8   35.00     5171.0      2063.1      2670.0
  0.80   34999.8   32.00     4809.6      1967.9      2454.1
  0.80   34999.8   26.00     4078.0      1769.2      2028.7
  0.70   34999.8  100.00    12025.1      2006.7     18868.4
  0.70   34999.8   50.00     6135.4      2006.7      3409.6
  0.70   34999.8   47.00     5824.3      1943.2      3196.4
  0.70   34999.8   44.00     5510.1      1876.9      2987.6
  0.70   34999.8   38.00     4875.3      1737.5      2582.5
  0.70   34999.8   35.00     4553.3      1663.2      2387.2
  0.70   34999.8   32.00     4228.7      1586.3      2194.1
  0.70   34999.8   26.00     3572.6      1425.7      1813.2
  0.60   34999.8  100.00    10914.9      1600.7     17610.0
  0.60   34999.8   50.00     5499.0      1600.7      3091.2
  0.60   34999.8   47.00     5214.1      1549.7      2896.3
  0.60   34999.8   44.00     4926.9      1496.3      2706.1
  0.60   34999.8   38.00     4347.1      1384.3      2337.2
  0.60   34999.8   35.00     4053.6      1324.8      2159.7
  0.60   34999.8   32.00     3758.1      1263.2      1984.3
  0.60   34999.8   26.00     3161.9      1134.7      1638.6
  0.60   40000.0  100.00     8640.5      1259.1     13955.5
  0.60   40000.0   50.00     4324.0      1259.1      2417.3
  0.60   40000.0   47.00     4100.0      1219.0      2265.0
  0.60   40000.0   44.00     3874.2      1177.0      2116.4
  0.60   40000.0   38.00     3418.3      1088.9      1827.9
  0.60   40000.0   35.00     3187.6      1042.1      1689.1
  0.60   40000.0   32.00     2955.1       993.6      1552.0
  0.60   40000.0   26.00     2486.3       892.5      1281.6
  0.70   40000.0  100.00     9517.8      1578.4     14950.3
  0.70   40000.0   50.00     4824.5      1578.4      2666.5
  0.70   40000.0   47.00     4579.8      1528.5      2499.7
  0.70   40000.0   44.00     4332.6      1476.3      2335.9
  0.70   40000.0   38.00     3833.6      1366.7      2019.9
  0.70   40000.0   35.00     3580.4      1308.2      1867.1
  0.70   40000.0   32.00     3325.2      1247.7      1716.1
  0.70   40000.0   26.00     2809.4      1121.4      1418.4
  0.80   40000.0  100.00    10592.1      1955.8     16156.7
  0.80   40000.0   50.00     5446.2      1955.8      2977.5
  0.80   40000.0   47.00     5175.4      1894.5      2792.7
  0.80   40000.0   44.00     4901.6      1830.1      2611.1
  0.80   40000.0   38.00     4347.6      1694.9      2258.5
  0.80   40000.0   35.00     4066.0      1622.8      2088.1
  0.80   40000.0   32.00     3781.9      1547.9      1918.7
  0.80   40000.0   26.00     3206.5      1391.6      1586.6
  0.90   40000.0  100.00    11890.2      2405.2     17595.2
  0.90   40000.0   50.00     6210.7      2405.2      3362.8
  0.90   40000.0   47.00     5907.1      2329.8      3154.4
  0.90   40000.0   44.00     5600.2      2251.3      2950.6
  0.90   40000.0   38.00     4977.7      2085.6      2552.5
  0.90   40000.0   35.00     4660.9      1997.1      2360.3
  0.90   40000.0   32.00     4340.6      1905.1      2169.5
  0.90   40000.0   26.00     3691.6      1712.7      1792.7
  1.00   40000.0  100.00    13447.8      2943.2     19296.2
  1.00   40000.0   50.00     7145.6      2943.2      3837.4
  1.00   40000.0   47.00     6802.0      2851.7      3601.5
  1.00   40000.0   44.00     6453.6      2755.5      3368.4
  1.00   40000.0   38.00     5747.0      2553.2      2914.2
  1.00   40000.0   35.00     5386.5      2444.9      2694.3
  1.00   40000.0   32.00     5021.9      2332.4      2476.4
  1.00   40000.0   26.00     4282.0      2096.6      2045.3
  1.10   40000.0  100.00    15244.4      3577.2     21230.7
  1.10   40000.0   50.00     8247.6      3577.2      4406.1
  1.10   40000.0   47.00     7856.1      3465.9      4135.5
  1.10   40000.0   44.00     7459.5      3349.5      3867.3
  1.10   40000.0   38.00     6653.5      3103.9      3345.7
  1.10   40000.0   35.00     6241.7      2972.4      3093.0
  1.10   40000.0   32.00     5824.7      2835.5      2841.8
  1.10   40000.0   26.00     4977.5      2548.8      2346.6
  1.20   40000.0  100.00    17331.9      4329.2     23436.2
  1.20   40000.0   50.00     9559.6      4329.2      5091.6
  1.20   40000.0   47.00     9111.5      4194.8      4779.1
  1.20   40000.0   44.00     8656.8      4054.0      4469.6
  1.20   40000.0   38.00     7732.4      3757.3      3865.3
  1.20   40000.0   35.00     7258.7      3597.6      3571.8
  1.20   40000.0   32.00     6779.9      3432.4      3282.3
  1.20   40000.0   26.00     5804.5      3084.6      2707.8
  1.30   40000.0  100.00    19768.3      5224.0     25970.0
  1.30   40000.0   50.00    11125.4      5224.0      5920.1
  1.30   40000.0   47.00    10608.9      5061.6      5556.0
  1.30   40000.0   44.00    10085.6      4892.4      5196.6
  1.30   40000.0   38.00     9019.4      4534.4      4494.1
  1.30   40000.0   35.00     8473.1      4342.2      4152.6
  1.30   40000.0   32.00     7918.9      4142.0      3813.1
  1.30   40000.0   26.00     6790.5      3721.6      3143.3
  1.40   40000.0  100.00    22605.6      6289.0     28872.5
  1.40   40000.0   50.00    12991.0      6289.0      6921.7
  1.40   40000.0   47.00    12393.9      6094.0      6496.2
  1.40   40000.0   44.00    11787.9      5890.1      6075.2
  1.40   40000.0   38.00    10552.4      5459.1      5251.4
  1.40   40000.0   35.00     9917.9      5226.8      4850.8
  1.40   40000.0   32.00     9274.8      4985.4      4453.5
  1.40   40000.0   26.00     7964.2      4479.0      3668.0
  1.50   40000.0  100.00    25899.8      7555.6     32180.6
  1.50   40000.0   50.00    15211.7      7555.6      8131.7
  1.50   40000.0   47.00    14518.9      7322.0      7631.7
  1.50   40000.0   44.00    13814.8      7077.1      7136.3
  1.50   40000.0   38.00    12377.7      6559.0      6166.9
  1.50   40000.0   35.00    11639.6      6280.3      5695.1
  1.50   40000.0   32.00    10889.3      5989.6      5226.3
  1.50   40000.0   26.00     9360.2      5379.0      4301.0
  1.60   40000.0  100.00    29022.4      8874.9     35215.2
  1.60   40000.0   50.00    17310.7      8874.9      9197.0
  1.60   40000.0   47.00    16525.4      8596.0      8631.5
  1.60   40000.0   44.00    15733.2      8309.7      8072.1
  1.60   40000.0   38.00    14109.3      7698.2      6986.1
  1.60   40000.0   35.00    13273.1      7368.1      6451.9
  1.60   40000.0   32.00    12427.0      7027.8      5923.3
  1.60   40000.0   26.00    10702.5      6315.7      4872.9
  1.70   40000.0  100.00    31028.3      9971.1     36974.0
  1.70   40000.0   50.00    18566.7      9971.1      9598.6
  1.70   40000.0   47.00    17735.1      9655.3      9018.7
  1.70   40000.0   44.00    16891.7      9327.6      8452.2
  1.70   40000.0   38.00    15162.3      8629.6      7332.7
  1.70   40000.0   35.00    14279.2      8262.2      6779.4
  1.70   40000.0   32.00    13387.9      7886.6      6227.3
  1.70   40000.0   26.00    11577.0      7107.3      5128.5
  1.80   40000.0  100.00    32932.4     11096.1     38569.1
  1.80   40000.0   50.00    19773.0     11096.1      9945.6
  1.80   40000.0   47.00    18891.0     10735.4      9360.3
  1.80   40000.0   44.00    18000.9     10365.3      8779.4
  1.80   40000.0   38.00    16189.9      9595.5      7631.2
  1.80   40000.0   35.00    15271.0      9197.0      7058.9
  1.80   40000.0   32.00    14343.6      8790.3      6487.4
  1.80   40000.0   26.00    12460.2      7948.1      5348.9
  1.80   45000.0  100.00    25913.4      8726.3     30358.0
  1.80   45000.0   50.00    15550.5      8726.3      7822.3
  1.80   45000.0   47.00    14857.7      8442.7      7362.4
  1.80   45000.0   44.00    14156.8      8151.6      6905.0
  1.80   45000.0   38.00    12732.4      7546.1      6001.7
  1.80   45000.0   35.00    12010.0      7232.9      5551.9
  1.80   45000.0   32.00    11280.5      6912.9      5102.2
  1.80   45000.0   26.00     9799.2      6250.6      4206.8
  1.80   45000.0  100.00    25913.1      8726.3     30357.1
  1.80   45000.0   50.00    15550.5      8726.3      7822.3
  1.80   45000.0   47.00    14857.7      8442.7      7362.4
  1.80   45000.0   44.00    14156.8      8151.6      6905.0
  1.80   45000.0   38.00    12732.4      7546.1      6001.7
  1.80   45000.0   35.00    12010.0      7232.9      5551.9
  1.80   45000.0   32.00    11280.5      6912.9      5102.2
  1.80   45000.0   26.00     9799.2      6250.6      4206.8
  1.70   45000.0  100.00    24415.3      7841.5     29102.1
  1.70   45000.0   50.00    14601.7      7841.5      7549.3
  1.70   45000.0   47.00    13948.1      7593.5      7093.6
  1.70   45000.0   44.00    13284.4      7335.5      6647.5
  1.70   45000.0   38.00    11924.3      6786.6      5767.0
  1.70   45000.0   35.00    11229.8      6497.6      5332.0
  1.70   45000.0   32.00    10528.1      6202.0      4896.8
  1.70   45000.0   26.00     9104.4      5589.2      4033.3
  1.60   45000.0  100.00    22838.1      6979.4     27719.6
  1.60   45000.0   50.00    13613.9      6979.4      7233.4
  1.60   45000.0   47.00    12996.4      6760.0      6788.6
  1.60   45000.0   44.00    12373.4      6535.1      6349.0
  1.60   45000.0   38.00    11096.7      6054.3      5494.7
  1.60   45000.0   35.00    10439.1      5794.5      5074.3
  1.60   45000.0   32.00     9772.9      5526.7      4658.3
  1.60   45000.0   26.00     8416.6      4966.7      3832.2
  1.50   45000.0  100.00    20379.8      5941.5     25328.5
  1.50   45000.0   50.00    11962.2      5941.5      6394.8
  1.50   45000.0   47.00    11417.3      5757.8      6001.6
  1.50   45000.0   44.00    10863.4      5565.2      5611.8
  1.50   45000.0   38.00     9733.5      5157.9      4849.6
  1.50   45000.0   35.00     9152.6      4938.2      4477.9
  1.50   45000.0   32.00     8563.6      4710.1      4110.3
  1.50   45000.0   26.00     7360.6      4230.0      3382.0
  1.40   45000.0  100.00    17789.1      4945.5     22727.0
  1.40   45000.0   50.00    10215.9      4945.5      5443.2
  1.40   45000.0   47.00     9746.3      4792.2      5108.6
  1.40   45000.0   44.00     9269.7      4631.8      4777.5
  1.40   45000.0   38.00     8298.5      4293.0      4130.0
  1.40   45000.0   35.00     7799.9      4110.5      3814.8
  1.40   45000.0   32.00     7293.4      3920.4      3501.7
  1.40   45000.0   26.00     6262.8      3522.2      2884.5
  1.30   45000.0  100.00    15557.7      4108.0     20444.8
  1.30   45000.0   50.00     8748.6      4108.0      4655.5
  1.30   45000.0   47.00     8342.3      3980.3      4368.9
  1.30   45000.0   44.00     7930.9      3847.2      4086.3
  1.30   45000.0   38.00     7092.6      3565.8      3534.1
  1.30   45000.0   35.00     6662.9      3414.6      3265.4
  1.30   45000.0   32.00     6227.0      3257.1      2998.2
  1.30   45000.0   26.00     5339.8      2926.6      2471.9
  1.20   45000.0  100.00    13641.6      3404.4     18451.5
  1.20   45000.0   50.00     7517.6      3404.4      4004.0
  1.20   45000.0   47.00     7165.2      3298.8      3758.3
  1.20   45000.0   44.00     6807.7      3188.1      3514.9
  1.20   45000.0   38.00     6080.8      2954.7      3039.7
  1.20   45000.0   35.00     5708.1      2829.1      2808.7
  1.20   45000.0   32.00     5331.7      2699.2      2581.2
  1.20   45000.0   26.00     4564.3      2425.6      2129.0
  1.10   45000.0  100.00    11998.4      2813.0     16713.5
  1.10   45000.0   50.00     6485.7      2813.0      3465.3
  1.10   45000.0   47.00     6177.8      2725.5      3252.0
  1.10   45000.0   44.00     5865.9      2633.9      3041.1
  1.10   45000.0   38.00     5232.1      2440.8      2631.0
  1.10   45000.0   35.00     4908.3      2337.4      2432.2
  1.10   45000.0   32.00     4580.3      2229.8      2234.7
  1.10   45000.0   26.00     3914.0      2004.2      1845.1
  1.00   45000.0  100.00    10586.2      2314.5     15194.1
  1.00   45000.0   50.00     5619.2      2314.5      3017.8
  1.00   45000.0   47.00     5349.0      2242.5      2832.2
  1.00   45000.0   44.00     5075.0      2166.8      2648.9
  1.00   45000.0   38.00     4519.3      2007.8      2291.7
  1.00   45000.0   35.00     4235.9      1922.6      2118.8
  1.00   45000.0   32.00     3949.2      1834.1      1947.4
  1.00   45000.0   26.00     3367.2      1648.7      1608.4
  0.90   45000.0  100.00     9360.8      1891.4     13854.9
  0.90   45000.0   50.00     4884.0      1891.4      2644.4
  0.90   45000.0   47.00     4645.2      1832.2      2480.8
  0.90   45000.0   44.00     4403.8      1770.4      2320.2
  0.90   45000.0   38.00     3914.4      1640.1      2007.3
  0.90   45000.0   35.00     3665.2      1570.4      1856.1
  0.90   45000.0   32.00     3413.4      1498.1      1706.0
  0.90   45000.0   26.00     2903.0      1346.8      1409.9
  0.80   45000.0  100.00     8339.4      1538.0     12722.5
  0.80   45000.0   50.00     4282.8      1538.0      2341.4
  0.80   45000.0   47.00     4069.8      1489.8      2196.1
  0.80   45000.0   44.00     3854.5      1439.2      2053.3
  0.80   45000.0   38.00     3418.9      1332.9      1776.0
  0.80   45000.0   35.00     3197.4      1276.1      1642.1
  0.80   45000.0   32.00     2973.9      1217.3      1509.1
  0.80   45000.0   26.00     2521.6      1094.3      1247.7
  0.80   49999.9  100.00     6566.8      1209.5     10020.1
  0.80   49999.9   50.00     3367.9      1209.5      1841.3
  0.80   49999.9   47.00     3200.4      1171.5      1727.0
  0.80   49999.9   44.00     3031.1      1131.7      1614.7
  0.80   49999.9   38.00     2688.5      1048.1      1396.6
  0.80   49999.9   35.00     2514.4      1003.5      1291.3
  0.80   49999.9   32.00     2338.6       957.2      1186.6
  0.80   49999.9   26.00     1982.9       860.5       981.2
  0.90   49999.9  100.00     7370.4      1487.4     10911.5
  0.90   49999.9   50.00     3840.6      1487.4      2079.4
  0.90   49999.9   47.00     3652.8      1440.8      1950.8
  0.90   49999.9   44.00     3463.0      1392.2      1824.6
  0.90   49999.9   38.00     3078.1      1289.7      1578.4
  0.90   49999.9   35.00     2882.2      1234.9      1459.5
  0.90   49999.9   32.00     2684.2      1178.1      1341.5
  0.90   49999.9   26.00     2282.8      1059.1      1108.7
  1.00   49999.9  100.00     8334.7      1820.0     11966.3
  1.00   49999.9   50.00     4418.7      1820.0      2373.3
  1.00   49999.9   47.00     4206.3      1763.4      2227.1
  1.00   49999.9   44.00     3990.7      1703.9      2082.9
  1.00   49999.9   38.00     3553.8      1578.8      1802.1
  1.00   49999.9   35.00     3330.9      1511.9      1666.1
  1.00   49999.9   32.00     3105.4      1442.3      1531.4
  1.00   49999.9   26.00     2647.8      1296.5      1264.8
  1.10   49999.9  100.00     9445.4      2212.1     13161.0
  1.10   49999.9   50.00     5100.2      2212.1      2724.7
  1.10   49999.9   47.00     4858.1      2143.2      2557.3
  1.10   49999.9   44.00     4612.8      2071.3      2391.5
  1.10   49999.9   38.00     4114.4      1919.4      2068.9
  1.10   49999.9   35.00     3859.8      1838.1      1912.6
  1.10   49999.9   32.00     3601.9      1753.4      1757.3
  1.10   49999.9   26.00     3077.9      1576.1      1451.1
  1.20   49999.9  100.00    10737.9      2677.1     14528.3
  1.20   49999.9   50.00     5911.9      2677.1      3148.6
  1.20   49999.9   47.00     5634.8      2594.2      2955.7
  1.20   49999.9   44.00     5353.7      2507.1      2764.3
  1.20   49999.9   38.00     4781.9      2323.6      2390.2
  1.20   49999.9   35.00     4489.3      2224.9      2209.0
  1.20   49999.9   32.00     4192.9      2122.7      2029.9
  1.20   49999.9   26.00     3589.8      1907.6      1674.6
  1.30   49999.9  100.00    12245.1      3230.5     16096.7
  1.30   49999.9   50.00     6879.7      3230.5      3661.1
  1.30   49999.9   47.00     6560.2      3130.1      3435.7
  1.30   49999.9   44.00     6236.7      3025.4      3213.6
  1.30   49999.9   38.00     5577.5      2804.1      2779.2
  1.30   49999.9   35.00     5239.6      2685.2      2567.9
  1.30   49999.9   32.00     4896.8      2561.3      2357.8
  1.30   49999.9   26.00     4199.1      2301.4      1943.7
  1.40   49999.9  100.00    14000.6      3889.1     17893.2
  1.40   49999.9   50.00     8033.6      3889.1      4280.5
  1.40   49999.9   47.00     7664.3      3768.5      4017.4
  1.40   49999.9   44.00     7289.5      3642.4      3757.0
  1.40   49999.9   38.00     6525.8      3375.9      3247.8
  1.40   49999.9   35.00     6133.4      3232.4      2999.8
  1.40   49999.9   32.00     5735.1      3082.8      2753.9
  1.40   49999.9   26.00     4924.9      2769.7      2268.3
  1.50   49999.9  100.00    16038.5      4672.3     19940.1
  1.50   49999.9   50.00     9406.9      4672.3      5028.9
  1.50   49999.9   47.00     8978.5      4527.9      4719.8
  1.50   49999.9   44.00     8543.0      4376.5      4413.3
  1.50   49999.9   38.00     7654.4      4056.1      3813.9
  1.50   49999.9   35.00     7198.1      3883.7      3522.1
  1.50   49999.9   32.00     6734.2      3704.0      3232.5
  1.50   49999.9   26.00     5788.6      3326.5      2659.9
  1.60   49999.9  100.00    17972.7      5488.8     21821.5
  1.60   49999.9   50.00    10706.7      5488.8      5689.2
  1.60   49999.9   47.00    10220.8      5316.1      5339.0
  1.60   49999.9   44.00     9731.1      5139.3      4993.2
  1.60   49999.9   38.00     8726.6      4761.1      4321.2
  1.60   49999.9   35.00     8209.6      4557.1      3991.0
  1.60   49999.9   32.00     7686.1      4346.4      3663.7
  1.60   49999.9   26.00     6619.4      3906.0      3014.0
  1.70   49999.9  100.00    19213.6      6166.8     22909.9
  1.70   49999.9   50.00    11483.5      6166.8      5937.6
  1.70   49999.9   47.00    10969.6      5971.6      5579.3
  1.70   49999.9   44.00    10447.6      5768.9      5228.6
  1.70   49999.9   38.00     9377.9      5337.2      4535.7
  1.70   49999.9   35.00     8831.7      5109.9      4193.5
  1.70   49999.9   32.00     8280.1      4877.5      3851.6
  1.70   49999.9   26.00     7160.1      4395.5      3172.0
  1.80   49999.9  100.00    20391.8      6862.6     23897.5
  1.80   49999.9   50.00    12229.8      6862.6      6152.4
  1.80   49999.9   47.00    11685.3      6639.7      5790.7
  1.80   49999.9   44.00    11133.3      6410.5      5430.8
  1.80   49999.9   38.00    10013.6      5934.5      4720.4
  1.80   49999.9   35.00     9445.2      5688.2      4366.4
  1.80   49999.9   32.00     8871.7      5436.6      4013.2
  1.80   49999.9   26.00     7706.7      4915.6      3308.5
  1.80   55000.0  100.00    16047.8      5397.0     18813.7
  1.80   55000.0   50.00     9618.2      5397.0      4839.0
  1.80   55000.0   47.00     9189.5      5221.6      4554.4
  1.80   55000.0   44.00     8756.0      5041.4      4271.4
  1.80   55000.0   38.00     7875.3      4667.1      3712.7
  1.80   55000.0   35.00     7428.3      4473.3      3434.3
  1.80   55000.0   32.00     6977.2      4275.5      3156.4
  1.80   55000.0   26.00     6060.9      3865.9      2602.3
  1.70   55000.0  100.00    15120.7      4849.7     18036.0
  1.70   55000.0   50.00     9031.2      4849.7      4670.0
  1.70   55000.0   47.00     8626.8      4696.2      4388.0
  1.70   55000.0   44.00     8216.5      4536.8      4112.2
  1.70   55000.0   38.00     7375.3      4197.3      3567.3
  1.70   55000.0   35.00     6945.7      4018.6      3298.2
  1.70   55000.0   32.00     6512.0      3835.8      3029.3
  1.70   55000.0   26.00     5631.1      3456.7      2494.7
  1.60   55000.0  100.00    14145.0      4316.5     17180.6
  1.60   55000.0   50.00     8420.2      4316.5      4474.6
  1.60   55000.0   47.00     8038.4      4180.9      4199.6
  1.60   55000.0   44.00     7652.7      4041.6      3927.2
  1.60   55000.0   38.00     6863.4      3744.4      3398.9
  1.60   55000.0   35.00     6456.5      3583.9      3139.0
  1.60   55000.0   32.00     6044.5      3418.0      2881.0
  1.60   55000.0   26.00     5205.6      3071.7      2370.3
  1.50   55000.0  100.00    12623.1      3674.2     15700.6
  1.50   55000.0   50.00     7397.4      3674.2      3954.8
  1.50   55000.0   47.00     7060.5      3560.6      3711.7
  1.50   55000.0   44.00     6718.0      3441.6      3470.6
  1.50   55000.0   38.00     6019.6      3189.7      2999.3
  1.50   55000.0   35.00     5660.3      3054.0      2769.6
  1.50   55000.0   32.00     5295.6      2912.8      2542.0
  1.50   55000.0   26.00     4551.8      2615.8      2091.6
  1.40   55000.0  100.00    11019.3      3058.3     14087.9
  1.40   55000.0   50.00     6317.4      3058.3      3366.2
  1.40   55000.0   47.00     6027.0      2963.4      3159.3
  1.40   55000.0   44.00     5732.3      2864.3      2954.5
  1.40   55000.0   38.00     5131.7      2654.7      2554.0
  1.40   55000.0   35.00     4823.0      2541.8      2358.7
  1.40   55000.0   32.00     4510.3      2424.5      2166.0
  1.40   55000.0   26.00     3872.8      2178.0      1783.8
  1.30   55000.0  100.00     9638.7      2540.4     12675.0
  1.30   55000.0   50.00     5410.0      2540.4      2879.0
  1.30   55000.0   47.00     5158.9      2461.4      2702.0
  1.30   55000.0   44.00     4904.4      2379.1      2527.1
  1.30   55000.0   38.00     4386.0      2205.0      2185.5
  1.30   55000.0   35.00     4120.3      2111.5      2019.4
  1.30   55000.0   32.00     3850.9      2014.1      1854.1
  1.30   55000.0   26.00     3302.0      1809.7      1528.6
  1.20   55000.0  100.00     8452.9      2105.2     11440.6
  1.20   55000.0   50.00     4648.7      2105.2      2476.0
  1.20   55000.0   47.00     4430.8      2039.9      2324.0
  1.20   55000.0   44.00     4209.7      1971.4      2173.6
  1.20   55000.0   38.00     3760.3      1827.1      1879.5
  1.20   55000.0   35.00     3529.8      1749.4      1736.9
  1.20   55000.0   32.00     3296.9      1669.1      1596.1
  1.20   55000.0   26.00     2822.7      1500.0      1316.8
  1.10   55000.0  100.00     7436.0      1739.5     10363.7
  1.10   55000.0   50.00     4010.8      1739.5      2142.8
  1.10   55000.0   47.00     3820.4      1685.4      2011.1
  1.10   55000.0   44.00     3627.5      1628.8      1880.7
  1.10   55000.0   38.00     3235.5      1509.4      1627.0
  1.10   55000.0   35.00     3035.3      1445.5      1504.1
  1.10   55000.0   32.00     2832.5      1378.9      1381.8
  1.10   55000.0   26.00     2420.5      1239.4      1141.1
  1.00   55000.0  100.00     6562.4      1431.2      9423.8
  1.00   55000.0   50.00     3475.1      1431.2      1866.3
  1.00   55000.0   47.00     3308.2      1386.9      1751.6
  1.00   55000.0   44.00     3138.7      1340.1      1638.3
  1.00   55000.0   38.00     2795.1      1241.7      1417.4
  1.00   55000.0   35.00     2619.8      1189.0      1310.4
  1.00   55000.0   32.00     2442.4      1134.3      1204.5
  1.00   55000.0   26.00     2082.5      1019.6       994.7
  1.00   60000.0  100.00     5168.0      1125.5      7423.8
  1.00   60000.0   50.00     2732.8      1125.5      1467.7
  1.00   60000.0   47.00     2601.4      1090.6      1377.5
  1.00   60000.0   44.00     2468.2      1053.8      1288.3
  1.00   60000.0   38.00     2197.9       976.4      1114.6
  1.00   60000.0   35.00     2060.1       935.0      1030.3
  1.00   60000.0   32.00     1920.6       892.0       947.1
  1.00   60000.0   26.00     1637.6       801.8       782.3
  1.10   60000.0  100.00     5855.7      1367.9      8165.3
  1.10   60000.0   50.00     3153.9      1367.9      1685.2
  1.10   60000.0   47.00     3004.3      1325.4      1581.5
  1.10   60000.0   44.00     2852.5      1280.8      1478.9
  1.10   60000.0   38.00     2544.3      1186.9      1279.4
  1.10   60000.0   35.00     2386.8      1136.7      1182.8
  1.10   60000.0   32.00     2227.3      1084.3      1086.7
  1.10   60000.0   26.00     1903.4       974.7       897.3
  1.20   60000.0  100.00     6655.1      1655.5      9010.8
  1.20   60000.0   50.00     3655.6      1655.5      1947.1
  1.20   60000.0   47.00     3484.2      1604.1      1827.6
  1.20   60000.0   44.00     3310.3      1550.2      1709.0
  1.20   60000.0   38.00     2956.9      1436.8      1478.1
  1.20   60000.0   35.00     2775.8      1375.7      1365.8
  1.20   60000.0   32.00     2592.6      1312.6      1255.1
  1.20   60000.0   26.00     2219.6      1179.5      1035.4
  1.30   60000.0  100.00     7588.0      1997.7      9982.3
  1.30   60000.0   50.00     4254.3      1997.7      2264.1
  1.30   60000.0   47.00     4056.8      1935.6      2124.9
  1.30   60000.0   44.00     3856.7      1870.9      1987.3
  1.30   60000.0   38.00     3449.0      1734.0      1718.6
  1.30   60000.0   35.00     3240.1      1660.5      1588.0
  1.30   60000.0   32.00     3028.2      1583.8      1457.8
  1.30   60000.0   26.00     2596.6      1423.1      1201.9
  1.40   60000.0  100.00     8674.2      2404.9     11094.7
  1.40   60000.0   50.00     4967.9      2404.9      2647.2
  1.40   60000.0   47.00     4739.5      2330.4      2484.4
  1.40   60000.0   44.00     4507.8      2252.4      2323.4
  1.40   60000.0   38.00     4035.4      2087.6      2008.4
  1.40   60000.0   35.00     3793.0      1998.9      1855.2
  1.40   60000.0   32.00     3546.9      1906.6      1703.4
  1.40   60000.0   26.00     3045.6      1712.8      1402.8
  1.50   60000.0  100.00     9935.0      2889.3     12361.0
  1.50   60000.0   50.00     5817.5      2889.3      3110.2
  1.50   60000.0   47.00     5552.7      2800.2      2919.4
  1.50   60000.0   44.00     5283.4      2706.6      2729.6
  1.50   60000.0   38.00     4733.9      2508.4      2358.9
  1.50   60000.0   35.00     4451.5      2401.7      2178.1
  1.50   60000.0   32.00     4164.8      2290.7      1999.2
  1.50   60000.0   26.00     3579.8      2057.1      1644.9
  1.70   60000.0  100.00    11901.3      3813.9     14202.4
  1.70   60000.0   50.00     7102.7      3813.9      3673.1
  1.70   60000.0   47.00     6784.7      3693.3      3451.4
  1.70   60000.0   44.00     6461.9      3567.9      3234.3
  1.70   60000.0   38.00     5800.4      3300.9      2805.7
  1.70   60000.0   35.00     5462.5      3160.4      2594.0
  1.70   60000.0   32.00     5121.4      3016.6      2382.4
  1.70   60000.0   26.00     4428.3      2718.2      1961.8
  1.80   60000.0  100.00    12630.2      4244.4     14813.4
  1.80   60000.0   50.00     7564.4      4244.4      3806.1
  1.80   60000.0   47.00     7227.1      4106.4      3582.0
  1.80   60000.0   44.00     6886.8      3965.0      3360.0
  1.80   60000.0   38.00     6193.6      3670.4      2920.1
  1.80   60000.0   35.00     5842.1      3518.0      2701.1
  1.80   60000.0   32.00     5487.3      3362.4      2482.5
  1.80   60000.0   26.00     4766.7      3040.3      2046.7
  1.80   65000.0  100.00     9941.4      3338.0     11665.2
  1.80   65000.0   50.00     5949.2      3338.0      2993.7
  1.80   65000.0   47.00     5684.2      3229.6      2817.6
  1.80   65000.0   44.00     5416.1      3118.2      2642.6
  1.80   65000.0   38.00     4871.1      2886.6      2296.7
  1.80   65000.0   35.00     4594.7      2766.7      2124.5
  1.80   65000.0   32.00     4315.6      2644.4      1952.5
  1.80   65000.0   26.00     3748.8      2391.0      1609.7
  1.70   65000.0  100.00     9367.6      2999.4     11183.4
  1.70   65000.0   50.00     5586.0      2999.4      2889.1
  1.70   65000.0   47.00     5335.9      2904.6      2714.7
  1.70   65000.0   44.00     5082.1      2805.9      2543.8
  1.70   65000.0   38.00     4561.8      2596.0      2206.7
  1.70   65000.0   35.00     4296.1      2485.4      2040.2
  1.70   65000.0   32.00     4027.9      2372.4      1874.1
  1.70   65000.0   26.00     3482.9      2137.9      1543.2
  1.60   65000.0  100.00     8763.2      2669.3     10652.8
  1.60   65000.0   50.00     5207.9      2669.3      2768.4
  1.60   65000.0   47.00     4972.1      2585.9      2598.2
  1.60   65000.0   44.00     4733.8      2499.9      2429.9
  1.60   65000.0   38.00     4245.1      2315.8      2102.5
  1.60   65000.0   35.00     3993.6      2216.6      1941.8
  1.60   65000.0   32.00     3738.5      2113.9      1782.1
  1.60   65000.0   26.00     3219.9      1899.8      1466.3
  1.50   65000.0  100.00     7820.6      2272.1      9735.1
  1.50   65000.0   50.00     4574.7      2272.1      2445.9
  1.50   65000.0   47.00     4366.4      2201.9      2295.7
  1.50   65000.0   44.00     4154.5      2128.3      2146.2
  1.50   65000.0   38.00     3722.6      1972.5      1855.0
  1.50   65000.0   35.00     3500.3      1888.6      1712.6
  1.50   65000.0   32.00     3274.9      1801.2      1572.0
  1.50   65000.0   26.00     2815.1      1617.7      1293.7
  1.40   65000.0  100.00     6828.6      1891.2      8737.8
  1.40   65000.0   50.00     3906.6      1891.2      2081.8
  1.40   65000.0   47.00     3727.0      1832.5      1953.7
  1.40   65000.0   44.00     3544.8      1771.2      1827.1
  1.40   65000.0   38.00     3173.4      1641.7      1579.4
  1.40   65000.0   35.00     2982.7      1571.9      1458.9
  1.40   65000.0   32.00     2789.3      1499.3      1339.4
  1.40   65000.0   26.00     2394.9      1346.9      1103.0
  1.30   65000.0  100.00     5974.3      1570.9      7862.8
  1.30   65000.0   50.00     3345.6      1570.9      1780.4
  1.30   65000.0   47.00     3190.3      1522.2      1671.1
  1.30   65000.0   44.00     3032.9      1471.2      1562.9
  1.30   65000.0   38.00     2712.4      1363.6      1351.6
  1.30   65000.0   35.00     2548.0      1305.8      1248.8
  1.30   65000.0   32.00     2381.3      1245.5      1146.6
  1.30   65000.0   26.00     2042.0      1119.2       945.3
  1.20   65000.0  100.00     5240.5      1301.8      7098.7
  1.20   65000.0   50.00     2874.7      1301.8      1531.2
  1.20   65000.0   47.00     2739.9      1261.4      1437.2
  1.20   65000.0   44.00     2603.2      1219.1      1344.1
  1.20   65000.0   38.00     2325.2      1129.8      1162.3
  1.20   65000.0   35.00     2182.8      1081.9      1074.1
  1.20   65000.0   32.00     2038.7      1032.1       987.0
  1.20   65000.0   26.00     1745.5       927.6       814.3
  1.10   65000.0  100.00     4611.4      1075.7      6432.7
  1.10   65000.0   50.00     2480.1      1075.7      1325.2
  1.10   65000.0   47.00     2362.6      1042.3      1243.7
  1.10   65000.0   44.00     2243.1      1007.2      1163.0
  1.10   65000.0   38.00     2000.8       933.4      1006.1
  1.10   65000.0   35.00     1876.9       893.8       930.1
  1.10   65000.0   32.00     1751.5       852.7       854.6
  1.10   65000.0   26.00     1496.7       766.4       705.6
  1.00   65000.0  100.00     4070.5       885.1      5849.8
  1.00   65000.0   50.00     2148.9       885.1      1154.1
  1.00   65000.0   47.00     2045.5       857.6      1083.1
  1.00   65000.0   44.00     1940.8       828.6      1013.0
  1.00   65000.0   38.00     1728.3       767.8       876.4
  1.00   65000.0   35.00     1619.9       735.2       810.2
  1.00   65000.0   32.00     1510.2       701.4       744.6
  1.00   65000.0   26.00     1287.7       630.5       615.1
